  10       5      11       1      11       7      10       1       3      10       8       7
1010    0101    1011    0001    1011    0111    1010    0001    0011    1010    1000    0111

shift:  3,  lo: 1,  hi: 12
                                                   7
   5       1       7       1       3       7      10      10      11      10       8      11
0101    0001    0111    0001    0011    0111    1010    1010    1011    1010    1000    1011

shift:  2,  lo: 1,  hi: 6
                           4
   1       1       3       5       7       7      10      10      11      10       8      11
0001    0001    0011    0101    0111    0111    1010    1010    1011    1010    1000    1011

shift:  1,  lo: 1,  hi: 3
                   3
   1       1       3       5       7       7      10      10      11      10       8      11
0001    0001    0011    0101    0111    0111    1010    1010    1011    1010    1000    1011

shift:  0,  lo: 1,  hi: 2
   1
   1       1       3       5       7       7      10      10      11      10       8      11
0001    0001    0011    0101    0111    0111    1010    1010    1011    1010    1000    1011

shift:  1,  lo: 4,  hi: 6
                                   5
   1       1       3       5       7       7      10      10      11      10       8      11
0001    0001    0011    0101    0111    0111    1010    1010    1011    1010    1000    1011

shift:  0,  lo: 5,  hi: 6
                                   5
   1       1       3       5       7       7      10      10      11      10       8      11
0001    0001    0011    0101    0111    0111    1010    1010    1011    1010    1000    1011

shift:  2,  lo: 7,  hi: 12
                                                                                                  13
   1       1       3       5       7       7      10      10      11      10       8      11
0001    0001    0011    0101    0111    0111    1010    1010    1011    1010    1000    1011

shift:  1,  lo: 7,  hi: 12
                                                           8
   1       1       3       5       7       7       8      10      11      10      10      11
0001    0001    0011    0101    0111    0111    1000    1010    1011    1010    1010    1011

shift:  0,  lo: 8,  hi: 12
                                                                                  11
   1       1       3       5       7       7       8      10      10      10      11      11
0001    0001    0011    0101    0111    0111    1000    1010    1010    1010    1011    1011
